Key,Avg_CPU_Usage,Avg_Memory_MB,Duration_s,Estimated_Heat
machine_96341908,50.0,78.77,0.0,0.0002
class_3,0.0,78.77,0.0,0.0
collection_type_1,0.0,78.77,0.0,0.0
priority_4,0.0,78.77,0.0,0.0
overall,0.0,78.77,0.0,0.0
machine_712104421,0.0,78.77,0.0,0.0
class_1,0.0,78.77,0.0,0.0
priority_2,0.0,78.77,0.0,0.0
machine_816434060,0.0,78.77,0.0,0.0
collection_type_0,0.0,78.77,0.0,0.0
priority_6,0.0,78.77,0.0,0.0
machine_292742843,0.0,78.77,0.0,0.0
machine_455133905,0.0,78.78,0.0,0.0
priority_1,0.0,78.78,0.0,0.0
machine_347237736,0.0,78.78,0.0,0.0
class_4,0.0,78.78,0.0,0.0
machine_70279238,0.0,78.78,0.0,0.0
priority_0,0.0,78.78,0.0,0.0
machine_226801816,0.0,78.78,0.0,0.0
priority_7,0.0,78.78,0.0,0.0
machine_88521065,0.0,78.78,0.0,0.0
machine_762898678,0.0,78.78,0.0,0.0
machine_822845052,0.0,78.78,0.0,0.0
machine_288744577,0.0,78.78,0.0,0.0
class_2,0.0,78.78,0.0,0.0
priority_5,0.0,78.78,0.0,0.0
machine_770565125,0.0,78.78,0.0,0.0
machine_431494252,0.0,78.78,0.0,0.0
machine_555401548,0.0,78.78,0.0,0.0
machine_511979969,0.0,78.78,0.0,0.0
machine_560721446,0.0,78.78,0.0,0.0
machine_593916678,0.0,78.78,0.0,0.0
priority_3,0.0,78.78,0.0,0.0
machine_628108963,0.0,78.78,0.0,0.0
priority_8,0.0,78.78,0.0,0.0
machine_362555690,0.0,78.78,0.0,0.0
class_0,0.0,78.78,0.0,0.0
machine_204313325,0.0,78.78,0.0,0.0
machine_137167059,0.0,78.78,0.0,0.0
machine_666067466,0.0,78.78,0.0,0.0
machine_24891799,0.0,78.78,0.0,0.0
machine_638796314,0.0,78.78,0.0,0.0
machine_206089101,0.0,78.78,0.0,0.0
machine_341899435,0.0,78.78,0.0,0.0
machine_532370613,0.0,78.79,0.0,0.0
machine_809192524,0.0,78.79,0.0,0.0
machine_193913012,0.0,78.79,0.0,0.0
machine_390735713,87.5,78.79,0.0,0.0003
machine_53801562,0.0,78.79,0.0,0.0
machine_386170814,0.0,78.79,0.0,0.0
machine_152808040,0.0,78.79,0.0,0.0
machine_98931925,0.0,78.79,0.0,0.0
machine_419420358,0.0,78.79,0.0,0.0
machine_214046482,0.0,78.79,0.0,0.0
machine_425810039,0.0,78.79,0.0,0.0
machine_218666077,0.0,78.79,0.0,0.0
machine_16882893,0.0,78.79,0.0,0.0
machine_534353046,0.0,78.79,0.0,0.0
machine_467485285,0.0,78.79,0.0,0.0
machine_343960860,0.0,78.79,0.0,0.0
machine_134953170,0.0,78.79,0.0,0.0
machine_552996312,0.0,78.79,0.0,0.0
machine_256858179,0.0,78.79,0.0,0.0
machine_697787699,0.0,78.79,0.0,0.0
machine_181700166,0.0,78.79,0.0,0.0
machine_134937990,0.0,78.79,0.0,0.0
machine_377500656,0.0,78.79,0.0,0.0
machine_136238064,0.0,78.79,0.0,0.0
machine_238917832,0.0,78.79,0.0,0.0
machine_679684952,0.0,78.79,0.0,0.0
machine_724168167,0.0,78.79,0.0,0.0
machine_653671130,0.0,78.79,0.0,0.0
machine_57434149,0.0,78.79,0.0,0.0
machine_842700796,0.0,78.79,0.0,0.0
machine_87158679,0.0,78.79,0.0,0.0
machine_232791791,0.0,78.79,0.0,0.0
machine_693953429,0.0,78.79,0.0,0.0
machine_262013042,0.0,78.79,0.0,0.0
machine_501466290,0.0,78.79,0.0,0.0
machine_784557972,0.0,78.79,0.0,0.0
machine_678112059,0.0,78.79,0.0,0.0
machine_625411739,0.0,78.79,0.0,0.0
machine_74487138,0.0,78.79,0.0,0.0
machine_339360264,0.0,78.79,0.0,0.0
machine_540842000,0.0,78.8,0.0,0.0
machine_509163767,0.0,78.8,0.0,0.0
machine_29300957,0.0,78.8,0.0,0.0
machine_330402029,0.0,78.8,0.0,0.0
machine_744071303,0.0,78.8,0.0,0.0
machine_579031546,0.0,78.8,0.0,0.0
machine_811828305,0.0,78.8,0.0,0.0
machine_752527114,0.0,78.8,0.0,0.0
machine_66415982,0.0,78.8,0.0,0.0
machine_284308732,0.0,78.8,0.0,0.0
machine_64673249,0.0,78.8,0.0,0.0
machine_332154921,37.5,78.8,0.0,0.0001
machine_767952832,0.0,78.8,0.0,0.0
machine_310904136,0.0,78.8,0.0,0.0
machine_437314735,0.0,78.8,0.0,0.0
machine_55640238,0.0,78.8,0.0,0.0
machine_262049927,0.0,78.8,0.0,0.0
machine_804176045,0.0,78.8,0.0,0.0
machine_258545410,0.0,78.8,0.0,0.0
machine_172729630,0.0,78.8,0.0,0.0
machine_645367338,0.0,78.8,0.0,0.0
machine_207232147,0.0,78.8,0.0,0.0
machine_363131453,0.0,78.8,0.0,0.0
machine_742862221,0.0,78.8,0.0,0.0
machine_759515762,0.0,78.8,0.0,0.0
machine_199010552,0.0,78.8,0.0,0.0
machine_145746999,0.0,78.8,0.0,0.0
machine_572495407,0.0,78.8,0.0,0.0
machine_513470805,0.0,78.8,0.0,0.0
machine_184328730,0.0,78.8,0.0,0.0
machine_289971655,0.0,78.8,0.0,0.0
machine_730067060,0.0,78.8,0.0,0.0
machine_334011507,0.0,78.81,0.0,0.0
machine_207450573,0.0,78.81,0.0,0.0
machine_296602749,0.0,78.81,0.0,0.0
machine_118399750,0.0,78.81,0.0,0.0
machine_259908296,0.0,78.81,0.0,0.0
machine_380072786,0.0,78.81,0.0,0.0
machine_79978767,0.0,78.81,0.0,0.0
machine_387296282,0.0,78.81,0.0,0.0
machine_244181150,0.0,78.81,0.0,0.0
machine_745762410,0.0,78.81,0.0,0.0
machine_802655608,0.0,78.81,0.0,0.0
machine_155081893,0.0,78.81,0.0,0.0
machine_455111082,0.0,78.81,0.0,0.0
machine_492306076,0.0,78.81,0.0,0.0
machine_114226169,0.0,78.81,0.0,0.0
machine_775443051,0.0,78.81,0.0,0.0
machine_521628500,0.0,78.81,0.0,0.0
machine_207608855,0.0,78.81,0.0,0.0
machine_543842903,0.0,78.81,0.0,0.0
machine_405019304,0.0,78.81,0.0,0.0
machine_549453418,0.0,78.81,0.0,0.0
machine_781965524,0.0,78.81,0.0,0.0
machine_91416233,0.0,78.81,0.0,0.0
machine_90259352,0.0,78.81,0.0,0.0
machine_556490810,0.0,78.81,0.0,0.0
machine_654592079,0.0,78.81,0.0,0.0
machine_12644435,0.0,78.81,0.0,0.0
machine_719723078,0.0,78.81,0.0,0.0
machine_38566419,0.0,78.81,0.0,0.0
machine_157944920,0.0,78.81,0.0,0.0
machine_584530645,0.0,78.81,0.0,0.0
machine_165761635,0.0,78.81,0.0,0.0
machine_409805307,0.0,78.82,0.0,0.0
machine_756004467,0.0,78.82,0.0,0.0
machine_324032279,0.0,78.82,0.0,0.0
machine_657426902,0.0,78.82,0.0,0.0
machine_58629604,25.0,78.82,0.0,0.0001
machine_168143513,12.5,78.82,0.0,0.0002
machine_234827336,0.0,78.82,0.0,0.0
machine_377682851,0.0,78.82,0.0,0.0
machine_824207129,0.0,78.82,0.0,0.0
machine_177709389,0.0,78.82,0.0,0.0
machine_279314687,0.0,78.82,0.0,0.0
machine_824200331,0.0,78.82,0.0,0.0
machine_589564979,0.0,78.82,0.0,0.0
machine_497297236,0.0,78.82,0.0,0.0
machine_96644054,0.0,78.82,0.0,0.0
machine_169077549,0.0,78.82,0.0,0.0
machine_21021478,0.0,78.82,0.0,0.0
machine_362164459,0.0,78.82,0.0,0.0
machine_675084357,0.0,78.82,0.0,0.0
machine_153338238,0.0,78.82,0.0,0.0
machine_589020124,0.0,78.82,0.0,0.0
machine_546890409,0.0,78.82,0.0,0.0
machine_82991107,0.0,78.82,0.0,0.0
machine_394753274,0.0,78.82,0.0,0.0
machine_455844871,0.0,78.82,0.0,0.0
machine_750927239,0.0,78.82,0.0,0.0
machine_492362921,0.0,78.82,0.0,0.0
machine_444509714,0.0,78.82,0.0,0.0
machine_517884505,0.0,78.82,0.0,0.0
machine_318615371,0.0,78.82,0.0,0.0
machine_20658593,0.0,78.82,0.0,0.0
machine_522345997,0.0,78.83,0.0,0.0
machine_481519624,0.0,78.83,0.0,0.0
machine_156024306,0.0,78.83,0.0,0.0
machine_116035616,0.0,78.83,0.0,0.0
machine_713897019,0.0,78.83,0.0,0.0
machine_788461730,0.0,78.83,0.0,0.0
machine_565463890,0.0,78.83,0.0,0.0
machine_853297732,0.0,78.83,0.0,0.0
machine_301077522,0.0,78.83,0.0,0.0
machine_782822245,0.0,78.83,0.0,0.0
machine_653560542,0.0,78.83,0.0,0.0
machine_205397209,25.0,78.83,0.0,0.0001
machine_776524198,0.0,78.83,0.0,0.0
machine_323779534,0.0,78.83,0.0,0.0
machine_641945873,0.0,78.83,0.0,0.0
machine_780184552,0.0,78.83,0.0,0.0
machine_481082011,0.0,78.83,0.0,0.0
machine_390745333,0.0,78.83,0.0,0.0
machine_406763489,0.0,78.83,0.0,0.0
machine_815602619,0.0,78.83,0.0,0.0
machine_185416765,0.0,78.83,0.0,0.0
machine_757590920,0.0,78.83,0.0,0.0
machine_625426337,0.0,78.83,0.0,0.0
machine_334779986,0.0,78.83,0.0,0.0
machine_174303275,0.0,78.83,0.0,0.0
machine_752265064,0.0,78.83,0.0,0.0
machine_676269265,0.0,78.83,0.0,0.0
machine_791674858,0.0,78.83,0.0,0.0
machine_581668516,0.0,78.83,0.0,0.0
machine_649404693,0.0,78.83,0.0,0.0
machine_426511757,0.0,78.83,0.0,0.0
machine_121156809,0.0,78.83,0.0,0.0
machine_48602338,0.0,78.84,0.0,0.0
machine_620378111,0.0,78.84,0.0,0.0
machine_333608923,0.0,78.84,0.0,0.0
machine_397514313,0.0,78.84,0.0,0.0
machine_691820858,0.0,78.84,0.0,0.0
machine_20333742,0.0,78.84,0.0,0.0
machine_275162367,0.0,78.84,0.0,0.0
machine_563015876,0.0,78.84,0.0,0.0
machine_74036410,0.0,78.84,0.0,0.0
machine_306815749,0.0,78.84,0.0,0.0
machine_20589191,0.0,78.84,0.0,0.0
machine_747100340,0.0,78.84,0.0,0.0
machine_548973630,0.0,78.84,0.0,0.0
machine_585800178,0.0,78.84,0.0,0.0
machine_244179704,0.0,78.84,0.0,0.0
machine_690404231,0.0,78.84,0.0,0.0
machine_484510423,0.0,78.84,0.0,0.0
machine_777980811,0.0,78.84,0.0,0.0
machine_505078442,0.0,78.84,0.0,0.0
machine_663698996,0.0,78.84,0.0,0.0
machine_703872413,0.0,78.84,0.0,0.0
machine_763148557,0.0,78.84,0.0,0.0
machine_161814581,0.0,78.84,0.0,0.0
machine_311210596,0.0,78.84,0.0,0.0
machine_300721772,0.0,78.84,0.0,0.0
machine_815520261,0.0,78.84,0.0,0.0
machine_252619634,0.0,78.84,0.0,0.0
machine_617875064,0.0,78.84,0.0,0.0
machine_78697528,0.0,78.84,0.0,0.0
machine_12664986,0.0,78.84,0.0,0.0
machine_125947527,0.0,78.84,0.0,0.0
machine_533364799,0.0,78.84,0.0,0.0
machine_765029567,0.0,78.85,0.0,0.0
machine_325595550,0.0,78.85,0.0,0.0
machine_259974690,0.0,78.85,0.0,0.0
machine_342941402,0.0,78.85,0.0,0.0
machine_694615200,0.0,78.85,0.0,0.0
machine_35678270,0.0,78.85,0.0,0.0
machine_328232585,0.0,78.85,0.0,0.0
machine_579854415,25.0,78.85,0.0,0.0
machine_74244269,0.0,78.85,0.0,0.0
machine_117203354,0.0,78.85,0.0,0.0
machine_297609462,0.0,78.85,0.0,0.0
machine_685314595,0.0,78.85,0.0,0.0
machine_134650260,0.0,78.85,0.0,0.0
machine_487084826,0.0,78.85,0.0,0.0
machine_805135671,0.0,78.85,0.0,0.0
machine_572805318,0.0,78.85,0.0,0.0
machine_780290968,0.0,78.85,0.0,0.0
machine_182031853,0.0,78.85,0.0,0.0
machine_124221305,0.0,78.85,0.0,0.0
machine_766852426,0.0,78.85,0.0,0.0
machine_335385809,0.0,78.85,0.0,0.0
machine_839705889,0.0,78.85,0.0,0.0
machine_79531094,0.0,78.85,0.0,0.0
machine_519620498,0.0,78.85,0.0,0.0
machine_197807344,0.0,78.85,0.0,0.0
machine_651318971,0.0,78.85,0.0,0.0
machine_572883453,0.0,78.85,0.0,0.0
machine_52511649,0.0,78.85,0.0,0.0
machine_723264250,0.0,78.85,0.0,0.0
machine_246774292,0.0,78.85,0.0,0.0
machine_43193906,0.0,78.85,0.0,0.0
machine_197735502,0.0,78.85,0.0,0.0
machine_231325909,0.0,78.86,0.0,0.0
machine_359988185,0.0,78.86,0.0,0.0
machine_641657812,0.0,78.86,0.0,0.0
machine_834146348,0.0,78.86,0.0,0.0
machine_469860716,0.0,78.86,0.0,0.0
machine_219023186,0.0,78.86,0.0,0.0
machine_89430593,0.0,78.86,0.0,0.0
machine_597811543,0.0,78.86,0.0,0.0
machine_812962704,0.0,78.86,0.0,0.0
machine_647684545,0.0,78.86,0.0,0.0
machine_91543479,0.0,78.86,0.0,0.0
machine_545084080,0.0,78.86,0.0,0.0
machine_571510345,0.0,78.86,0.0,0.0
machine_667376539,0.0,78.86,0.0,0.0
machine_782418141,0.0,78.86,0.0,0.0
machine_45627422,0.0,78.86,0.0,0.0
machine_81563957,0.0,78.86,0.0,0.0
machine_739308327,0.0,78.86,0.0,0.0
machine_289830365,0.0,78.86,0.0,0.0
machine_609015236,0.0,78.86,0.0,0.0
machine_231998088,0.0,78.86,0.0,0.0
machine_567512533,0.0,78.86,0.0,0.0
machine_717290631,0.0,78.86,0.0,0.0
machine_407429211,33.35,78.86,0.0,0.0001
machine_789625307,0.0,78.86,0.0,0.0
machine_784925510,0.0,78.86,0.0,0.0
machine_592294867,0.0,78.86,0.0,0.0
machine_557595460,0.0,78.86,0.0,0.0
machine_787208870,0.0,78.86,0.0,0.0
machine_74197127,0.0,78.86,0.0,0.0
machine_271023184,0.0,78.86,0.0,0.0
machine_91192068,0.0,78.87,0.0,0.0
machine_250015259,0.0,78.87,0.0,0.0
machine_214298633,0.0,78.87,0.0,0.0
machine_125294391,0.0,78.87,0.0,0.0
machine_87951610,0.0,78.87,0.0,0.0
machine_548402983,0.0,78.87,0.0,0.0
machine_521705325,0.0,78.87,0.0,0.0
machine_122227750,0.0,78.87,0.0,0.0
machine_688226169,0.0,78.87,0.0,0.0
machine_367204973,0.0,78.87,0.0,0.0
machine_280070702,0.0,78.87,0.0,0.0
machine_636218218,0.0,78.87,0.0,0.0
machine_384739094,0.0,78.87,0.0,0.0
machine_690999569,0.0,78.87,0.0,0.0
machine_630529605,0.0,78.87,0.0,0.0
machine_707620838,0.0,78.87,0.0,0.0
machine_812627115,0.0,78.87,0.0,0.0
machine_534805023,0.0,78.87,0.0,0.0
machine_240538174,0.0,78.87,0.0,0.0
machine_595671625,0.0,78.87,0.0,0.0
machine_281745378,0.0,78.87,0.0,0.0
machine_215192489,0.0,78.87,0.0,0.0
machine_605705513,0.0,78.87,0.0,0.0
machine_225921895,0.0,78.87,0.0,0.0
machine_466849229,0.0,78.87,0.0,0.0
machine_428569075,0.0,78.87,0.0,0.0
machine_576311782,0.0,78.87,0.0,0.0
machine_772708139,0.0,78.87,0.0,0.0
machine_253016395,0.0,78.87,0.0,0.0
machine_530032930,0.0,78.87,0.0,0.0
machine_211755466,0.0,78.87,0.0,0.0
machine_470169669,0.0,78.87,0.0,0.0
machine_527903926,0.0,78.88,0.0,0.0
machine_559998321,0.0,78.88,0.0,0.0
machine_381241465,0.0,78.88,0.0,0.0
machine_847514247,0.0,78.88,0.0,0.0
machine_640113381,0.0,78.88,0.0,0.0
machine_473198209,0.0,78.88,0.0,0.0
machine_351184285,0.0,78.88,0.0,0.0
machine_727160887,0.0,78.88,0.0,0.0
machine_412892262,0.0,78.88,0.0,0.0
machine_154595974,0.0,78.88,0.0,0.0
machine_687007722,0.0,78.88,0.0,0.0
machine_329265598,0.0,78.88,0.0,0.0
machine_473572883,0.0,78.88,0.0,0.0
machine_371150998,0.0,78.88,0.0,0.0
machine_628963924,50.0,78.88,0.0,0.0001
machine_113094213,20.0,78.88,0.0,0.0
machine_397369217,0.0,78.88,0.0,0.0
machine_145566195,0.0,78.88,0.0,0.0
machine_85715021,0.0,78.88,0.0,0.0
machine_475039665,0.0,78.88,0.0,0.0
machine_430771549,0.0,78.88,0.0,0.0
machine_836511389,0.0,78.88,0.0,0.0
machine_341986529,0.0,78.88,0.0,0.0
machine_335804841,0.0,78.88,0.0,0.0
machine_321357166,0.0,78.88,0.0,0.0
machine_683591322,0.0,78.88,0.0,0.0
machine_805233371,0.0,78.88,0.0,0.0
machine_20578193,0.0,78.88,0.0,0.0
machine_768169449,0.0,78.88,0.0,0.0
machine_550697685,0.0,78.88,0.0,0.0
machine_162545232,0.0,78.88,0.0,0.0
machine_821462228,0.0,78.88,0.0,0.0
machine_779533081,0.0,78.89,0.0,0.0
machine_642137187,0.0,78.89,0.0,0.0
machine_630774376,0.0,78.89,0.0,0.0
machine_749180509,0.0,78.89,0.0,0.0
machine_816808637,0.0,78.89,0.0,0.0
machine_704553706,0.0,78.89,0.0,0.0
machine_762130697,0.0,78.89,0.0,0.0
machine_695237798,0.0,78.89,0.0,0.0
machine_685685668,0.0,78.89,0.0,0.0
machine_573902242,0.0,78.89,0.0,0.0
machine_289128678,0.0,78.89,0.0,0.0
machine_697590262,0.0,78.89,0.0,0.0
machine_284894494,0.0,78.89,0.0,0.0
machine_854062013,0.0,78.89,0.0,0.0
machine_37576033,0.0,78.89,0.0,0.0
machine_706187854,0.0,78.89,0.0,0.0
machine_845224990,0.0,78.89,0.0,0.0
machine_634077100,0.0,78.89,0.0,0.0
machine_25301374,0.0,78.89,0.0,0.0
machine_182906429,0.0,78.89,0.0,0.0
machine_90153756,0.0,78.89,0.0,0.0
machine_832678409,0.0,78.89,0.0,0.0
machine_465031797,0.0,78.89,0.0,0.0
machine_634632630,0.0,78.89,0.0,0.0
machine_17276693,0.0,78.89,0.0,0.0
machine_801624561,0.0,78.89,0.0,0.0
machine_383948610,0.0,78.89,0.0,0.0
machine_715670521,0.0,78.89,0.0,0.0
machine_680310947,0.0,78.89,0.0,0.0
machine_553195825,0.0,78.89,0.0,0.0
machine_378917912,0.0,78.89,0.0,0.0
machine_664203397,0.0,78.89,0.0,0.0
machine_294840009,0.0,78.89,0.0,0.0
machine_494173986,0.0,78.89,0.0,0.0
machine_92376698,0.0,78.89,0.0,0.0
machine_216692152,0.0,78.89,0.0,0.0
machine_342413481,0.0,78.89,0.0,0.0
machine_831027455,0.0,78.89,0.0,0.0
machine_778534978,0.0,78.89,0.0,0.0
machine_848994008,0.0,78.89,0.0,0.0
machine_499210699,0.0,78.89,0.0,0.0
machine_115472372,0.0,78.9,0.0,0.0
machine_791387751,21.45,78.9,0.0,0.0
machine_683471010,0.0,78.9,0.0,0.0
machine_42230161,0.0,78.9,0.0,0.0
machine_587537066,0.0,78.9,0.0,0.0
machine_796334909,0.0,78.9,0.0,0.0
machine_85762729,0.0,78.9,0.0,0.0
machine_186317438,0.0,78.9,0.0,0.0
machine_114190094,0.0,78.9,0.0,0.0
machine_63413561,0.0,78.9,0.0,0.0
machine_743776242,0.0,78.9,0.0,0.0
machine_723388515,0.0,78.9,0.0,0.0
machine_638737119,0.0,78.9,0.0,0.0
machine_362231068,0.0,78.9,0.0,0.0
machine_191314482,0.0,78.9,0.0,0.0
machine_415459167,0.0,78.9,0.0,0.0
machine_128743195,0.0,78.9,0.0,0.0
machine_232532517,0.0,78.9,0.0,0.0
machine_18686885,0.0,78.9,0.0,0.0
machine_123830664,0.0,78.9,0.0,0.0
machine_69821200,0.0,78.9,0.0,0.0
machine_252360714,0.0,78.9,0.0,0.0
machine_71334617,0.0,78.91,0.0,0.0
machine_51324717,0.0,78.91,0.0,0.0
machine_415109774,0.0,78.91,0.0,0.0
machine_581313601,0.0,78.91,0.0,0.0
machine_688865294,0.0,78.91,0.0,0.0
machine_149962687,0.0,78.91,0.0,0.0
machine_122563358,0.0,78.91,0.0,0.0
machine_526913416,0.0,78.91,0.0,0.0
machine_440366588,0.0,78.91,0.0,0.0
machine_39099763,0.0,78.91,0.0,0.0
machine_534901382,0.0,78.91,0.0,0.0
machine_818468456,0.0,78.91,0.0,0.0
machine_375159956,0.0,78.91,0.0,0.0
machine_616428709,0.0,78.91,0.0,0.0
machine_507917263,0.0,78.91,0.0,0.0
machine_530947116,0.0,78.91,0.0,0.0
machine_764389304,0.0,78.91,0.0,0.0
machine_662623637,0.0,78.91,0.0,0.0
machine_660010188,0.0,78.91,0.0,0.0
machine_506982830,0.0,78.91,0.0,0.0
machine_121385310,0.0,78.91,0.0,0.0
machine_708200804,0.0,78.91,0.0,0.0
machine_313447515,0.0,78.91,0.0,0.0
machine_406398699,0.0,78.91,0.0,0.0
machine_654321958,0.0,78.91,0.0,0.0
machine_563781148,0.0,78.91,0.0,0.0
machine_173453379,0.0,78.91,0.0,0.0
machine_118029955,0.0,78.91,0.0,0.0
machine_707059342,0.0,78.91,0.0,0.0
machine_232605147,0.0,78.91,0.0,0.0
machine_789583889,0.0,78.91,0.0,0.0
machine_637466154,0.0,78.91,0.0,0.0
machine_122163762,0.0,78.91,0.0,0.0
machine_122085369,0.0,78.91,0.0,0.0
machine_567357623,0.0,78.91,0.0,0.0
machine_462531935,0.0,78.91,0.0,0.0
machine_518525001,0.0,78.91,0.0,0.0
machine_597175160,0.0,78.91,0.0,0.0
machine_203449966,25.0,78.91,0.0,0.0
machine_592493495,0.0,78.91,0.0,0.0
machine_625065413,0.0,78.91,0.0,0.0
machine_317481244,0.0,78.91,0.0,0.0
machine_576578196,0.0,78.92,0.0,0.0
machine_816506749,0.0,78.92,0.0,0.0
machine_219151023,0.0,78.92,0.0,0.0
machine_245819659,0.0,78.92,0.0,0.0
machine_820822827,0.0,78.92,0.0,0.0
machine_352624832,0.0,78.92,0.0,0.0
machine_474039557,0.0,78.92,0.0,0.0
machine_108950148,0.0,78.92,0.0,0.0
machine_798698574,0.0,78.92,0.0,0.0
machine_736707591,0.0,78.92,0.0,0.0
machine_243221807,0.0,78.92,0.0,0.0
machine_477693653,0.0,78.92,0.0,0.0
machine_714435413,0.0,78.92,0.0,0.0
machine_552960196,0.0,78.92,0.0,0.0
machine_564552670,0.0,78.92,0.0,0.0
machine_207883595,0.0,78.92,0.0,0.0
machine_650432942,0.0,78.92,0.0,0.0
machine_817410618,0.0,78.92,0.0,0.0
machine_829621995,0.0,78.92,0.0,0.0
machine_279617478,0.0,78.92,0.0,0.0
machine_473015369,0.0,78.92,0.0,0.0
machine_645645715,0.0,78.92,0.0,0.0
machine_670508988,0.0,78.93,0.0,0.0
machine_722653127,0.0,78.93,0.0,0.0
machine_328149823,0.0,78.93,0.0,0.0
machine_212790891,0.0,78.93,0.0,0.0
machine_200063377,0.0,78.93,0.0,0.0
machine_75738940,0.0,78.93,0.0,0.0
machine_696238267,0.0,78.93,0.0,0.0
machine_842564759,0.0,78.93,0.0,0.0
machine_429475282,0.0,78.93,0.0,0.0
machine_729883696,0.0,78.93,0.0,0.0
machine_734686120,0.0,78.93,0.0,0.0
machine_447640718,0.0,78.93,0.0,0.0
machine_332838687,0.0,78.93,0.0,0.0
machine_529726277,0.0,78.93,0.0,0.0
machine_206235026,0.0,78.93,0.0,0.0
machine_645119665,0.0,78.93,0.0,0.0
machine_300542726,0.0,78.93,0.0,0.0
machine_82704958,0.0,78.93,0.0,0.0
machine_575365395,0.0,78.93,0.0,0.0
machine_805216427,0.0,78.93,0.0,0.0
machine_510895786,0.0,78.93,0.0,0.0
machine_503108785,0.0,78.93,0.0,0.0
machine_745689806,0.0,78.93,0.0,0.0
machine_648807387,0.0,78.93,0.0,0.0
machine_267232530,0.0,78.93,0.0,0.0
machine_319574168,0.0,78.93,0.0,0.0
machine_386747692,0.0,78.93,0.0,0.0
machine_581920484,0.0,78.93,0.0,0.0
machine_555272517,0.0,78.93,0.0,0.0
machine_401594430,0.0,78.93,0.0,0.0
machine_200059049,0.0,78.93,0.0,0.0
machine_275224273,0.0,78.93,0.0,0.0
machine_566433505,0.0,78.93,0.0,0.0
machine_395201275,0.0,78.93,0.0,0.0
machine_485049163,0.0,78.93,0.0,0.0
machine_162551422,64.3,78.93,0.0,0.0001
machine_104287472,0.0,78.93,0.0,0.0
machine_373010246,0.0,78.93,0.0,0.0
machine_115636366,0.0,78.93,0.0,0.0
machine_602100929,0.0,78.93,0.0,0.0
machine_297673660,0.0,78.93,0.0,0.0
machine_42466546,0.0,78.93,0.0,0.0
machine_149328738,0.0,78.94,0.0,0.0
machine_203511530,0.0,78.94,0.0,0.0
machine_174546678,0.0,78.94,0.0,0.0
machine_161017208,0.0,78.94,0.0,0.0
machine_82368172,0.0,78.94,0.0,0.0
machine_821656841,0.0,78.94,0.0,0.0
machine_490085333,0.0,78.94,0.0,0.0
machine_701651608,0.0,78.94,0.0,0.0
machine_147172738,0.0,78.94,0.0,0.0
machine_247676796,0.0,78.94,0.0,0.0
machine_525513296,0.0,78.94,0.0,0.0
machine_448036002,0.0,78.94,0.0,0.0
machine_590733953,0.0,78.94,0.0,0.0
machine_487978991,0.0,78.94,0.0,0.0
machine_830074535,0.0,78.94,0.0,0.0
machine_471130868,0.0,78.94,0.0,0.0
machine_584816853,0.0,78.94,0.0,0.0
machine_495555130,0.0,78.94,0.0,0.0
machine_286394029,0.0,78.94,0.0,0.0
machine_252131015,0.0,78.94,0.0,0.0
machine_738712879,0.0,78.94,0.0,0.0
machine_396119716,0.0,78.95,0.0,0.0
machine_151229391,0.0,78.95,0.0,0.0
machine_310376012,0.0,78.95,0.0,0.0
machine_187793313,0.0,78.95,0.0,0.0
machine_254361491,0.0,78.95,0.0,0.0
machine_512966633,0.0,78.95,0.0,0.0
machine_100681893,0.0,78.95,0.0,0.0
machine_636717755,0.0,78.95,0.0,0.0
machine_84247534,0.0,78.95,0.0,0.0
machine_271875364,0.0,78.95,0.0,0.0
machine_333424308,0.0,78.95,0.0,0.0
machine_474214668,0.0,78.95,0.0,0.0
machine_287671039,0.0,78.95,0.0,0.0
machine_753530367,0.0,78.95,0.0,0.0
machine_399875609,0.0,78.95,0.0,0.0
machine_279760961,0.0,78.95,0.0,0.0
machine_562469618,0.0,78.95,0.0,0.0
machine_649257513,0.0,78.95,0.0,0.0
machine_236662353,0.0,78.95,0.0,0.0
machine_328595124,0.0,78.95,0.0,0.0
machine_270377390,0.0,78.95,0.0,0.0
machine_717545135,0.0,78.95,0.0,0.0
machine_80856309,0.0,78.95,0.0,0.0
machine_60011551,0.0,78.95,0.0,0.0
machine_610224154,0.0,78.95,0.0,0.0
machine_221649759,0.0,78.95,0.0,0.0
machine_87343770,0.0,78.95,0.0,0.0
machine_310851439,0.0,78.95,0.0,0.0
machine_126295687,0.0,78.95,0.0,0.0
machine_64151472,0.0,78.95,0.0,0.0
machine_834518310,0.0,78.95,0.0,0.0
machine_718048073,0.0,78.95,0.0,0.0
machine_547554483,0.0,78.95,0.0,0.0
machine_666393591,0.0,78.95,0.0,0.0
machine_764806117,0.0,78.95,0.0,0.0
machine_842716287,0.0,78.95,0.0,0.0
machine_546974084,0.0,78.95,0.0,0.0
machine_356560826,0.0,78.95,0.0,0.0
machine_195990756,0.0,78.95,0.0,0.0
machine_258835151,0.0,78.95,0.0,0.0
machine_731687300,0.0,78.95,0.0,0.0
machine_740067520,0.0,78.95,0.0,0.0
machine_208064845,0.0,78.96,0.0,0.0
machine_196703347,0.0,78.96,0.0,0.0
machine_674426242,0.0,78.96,0.0,0.0
machine_50330591,0.0,78.96,0.0,0.0
machine_794449276,0.0,78.96,0.0,0.0
machine_293403382,0.0,78.96,0.0,0.0
machine_141789036,0.0,78.96,0.0,0.0
machine_214785572,0.0,78.96,0.0,0.0
machine_771205036,62.5,78.96,0.0,0.0001
machine_322608248,0.0,78.96,0.0,0.0
machine_363763397,0.0,78.96,0.0,0.0
machine_272378475,0.0,78.96,0.0,0.0
machine_250701054,0.0,78.96,0.0,0.0
machine_272057860,0.0,78.96,0.0,0.0
machine_764525672,0.0,78.96,0.0,0.0
machine_18059317,0.0,78.96,0.0,0.0
machine_282609694,0.0,78.96,0.0,0.0
machine_324705723,0.0,78.96,0.0,0.0
machine_436693249,0.0,78.96,0.0,0.0
machine_601335620,0.0,78.96,0.0,0.0
machine_732386490,0.0,78.96,0.0,0.0
machine_421579806,0.0,78.96,0.0,0.0
machine_516922575,0.0,78.96,0.0,0.0
machine_800515291,0.0,78.96,0.0,0.0
machine_731836537,0.0,78.96,0.0,0.0
machine_593116848,0.0,78.96,0.0,0.0
machine_804383433,0.0,78.96,0.0,0.0
machine_408513267,0.0,78.96,0.0,0.0
machine_428008624,0.0,78.96,0.0,0.0
machine_247156366,0.0,78.96,0.0,0.0
machine_413698844,0.0,78.96,0.0,0.0
machine_119289430,0.0,78.96,0.0,0.0
machine_588233426,0.0,78.96,0.0,0.0
machine_202340203,0.0,78.96,0.0,0.0
machine_637750897,0.0,78.96,0.0,0.0
machine_719128391,0.0,78.96,0.0,0.0
machine_326219372,0.0,78.96,0.0,0.0
machine_565680950,0.0,78.96,0.0,0.0
machine_440633765,0.0,78.96,0.0,0.0
machine_426554705,0.0,78.96,0.0,0.0
machine_514055709,0.0,78.96,0.0,0.0
machine_632113647,0.0,78.96,0.0,0.0
machine_512290782,0.0,78.96,0.0,0.0
machine_109413955,0.0,78.96,0.0,0.0
machine_395942738,0.0,78.96,0.0,0.0
machine_332621918,0.0,78.96,0.0,0.0
machine_623688579,0.0,78.96,0.0,0.0
machine_31583361,0.0,78.97,0.0,0.0
machine_565675899,0.0,78.97,0.0,0.0
machine_178097676,0.0,78.97,0.0,0.0
machine_68271843,0.0,78.97,0.0,0.0
machine_759972297,0.0,78.97,0.0,0.0
machine_475804736,0.0,78.97,0.0,0.0
machine_191848138,0.0,78.97,0.0,0.0
machine_151838042,0.0,78.97,0.0,0.0
machine_788018688,0.0,78.97,0.0,0.0
machine_371515942,0.0,78.97,0.0,0.0
machine_33801732,0.0,78.97,0.0,0.0
machine_298875773,0.0,78.97,0.0,0.0
machine_372180778,0.0,78.97,0.0,0.0
machine_54639379,0.0,78.97,0.0,0.0
machine_541879301,0.0,78.97,0.0,0.0
machine_189494413,0.0,78.97,0.0,0.0
machine_230816834,0.0,78.97,0.0,0.0
machine_287378476,0.0,78.97,0.0,0.0
machine_711645415,0.0,78.98,0.0,0.0
machine_548480572,0.0,78.98,0.0,0.0
machine_376336230,0.0,78.98,0.0,0.0
machine_640125730,0.0,78.98,0.0,0.0
machine_789738963,0.0,78.98,0.0,0.0
machine_597910687,0.0,78.98,0.0,0.0
machine_29522377,0.0,78.98,0.0,0.0
machine_15441888,0.0,78.98,0.0,0.0
machine_57956727,0.0,78.98,0.0,0.0
machine_827260897,0.0,78.98,0.0,0.0
machine_491856960,0.0,78.98,0.0,0.0
machine_312742781,0.0,78.98,0.0,0.0
machine_240672690,0.0,78.98,0.0,0.0
machine_233473825,0.0,78.98,0.0,0.0
machine_383299159,0.0,78.98,0.0,0.0
machine_365799327,0.0,78.98,0.0,0.0
machine_409614868,0.0,78.98,0.0,0.0
machine_94508188,0.0,78.98,0.0,0.0
machine_687808275,0.0,78.98,0.0,0.0
machine_605986531,0.0,78.98,0.0,0.0
machine_389738003,0.0,78.98,0.0,0.0
machine_131438732,0.0,78.98,0.0,0.0
machine_700625739,0.0,78.98,0.0,0.0
machine_272784097,0.0,78.98,0.0,0.0
machine_54696044,0.0,78.98,0.0,0.0
machine_100360713,0.0,78.98,0.0,0.0
machine_164687595,33.35,78.98,0.0,0.0001
machine_703700063,0.0,78.98,0.0,0.0
machine_49100129,0.0,78.98,0.0,0.0
machine_382929464,0.0,78.98,0.0,0.0
machine_27752610,0.0,78.98,0.0,0.0
machine_168716147,0.0,78.98,0.0,0.0
machine_678074987,0.0,78.98,0.0,0.0
machine_716926440,0.0,78.98,0.0,0.0
machine_621988316,0.0,78.98,0.0,0.0
machine_787371945,0.0,78.98,0.0,0.0
machine_231159872,0.0,78.98,0.0,0.0
machine_225286334,0.0,78.98,0.0,0.0
machine_271085784,0.0,78.98,0.0,0.0
machine_595527653,0.0,78.98,0.0,0.0
machine_768216792,0.0,78.98,0.0,0.0
machine_317859944,0.0,78.98,0.0,0.0
machine_708175043,0.0,78.98,0.0,0.0
machine_391854682,0.0,78.98,0.0,0.0
machine_76339045,0.0,78.98,0.0,0.0
machine_344298478,0.0,78.98,0.0,0.0
machine_831608073,0.0,78.99,0.0,0.0
machine_804395755,0.0,78.99,0.0,0.0
machine_38483597,0.0,78.99,0.0,0.0
machine_273411675,0.0,78.99,0.0,0.0
machine_251443802,0.0,78.99,0.0,0.0
machine_750132012,0.0,78.99,0.0,0.0
machine_729903118,0.0,78.99,0.0,0.0
machine_393299503,0.0,78.99,0.0,0.0
machine_695802343,0.0,78.99,0.0,0.0
machine_244351170,0.0,78.99,0.0,0.0
machine_499458580,0.0,78.99,0.0,0.0
machine_217425789,0.0,78.99,0.0,0.0
machine_424670662,0.0,78.99,0.0,0.0
machine_691035743,0.0,78.99,0.0,0.0
machine_330301860,0.0,78.99,0.0,0.0
machine_362158304,0.0,78.99,0.0,0.0
machine_808048876,0.0,78.99,0.0,0.0
machine_712546172,0.0,78.99,0.0,0.0
machine_568647944,0.0,79.0,0.0,0.0
machine_852634152,0.0,79.0,0.0,0.0
machine_363216710,0.0,79.0,0.0,0.0
machine_73886422,0.0,79.0,0.0,0.0
machine_228064978,0.0,79.0,0.0,0.0
machine_517782609,0.0,79.0,0.0,0.0
machine_388425040,0.0,79.0,0.0,0.0
machine_483924553,0.0,79.0,0.0,0.0
machine_563494810,0.0,79.0,0.0,0.0
machine_367497363,0.0,79.0,0.0,0.0
machine_704851001,0.0,79.0,0.0,0.0
machine_190612714,0.0,79.0,0.0,0.0
machine_521150300,0.0,79.0,0.0,0.0
machine_209858831,0.0,79.0,0.0,0.0
machine_551317584,0.0,79.0,0.0,0.0
machine_248541373,0.0,79.0,0.0,0.0
machine_486046822,0.0,79.0,0.0,0.0
machine_240809737,0.0,79.0,0.0,0.0
machine_737233328,0.0,79.0,0.0,0.0
machine_425903215,0.0,79.0,0.0,0.0
machine_256527813,0.0,79.0,0.0,0.0
machine_755629104,0.0,79.0,0.0,0.0
machine_736058763,0.0,79.0,0.0,0.0
machine_795945837,0.0,79.0,0.0,0.0
machine_463201236,0.0,79.0,0.0,0.0
machine_593719996,0.0,79.0,0.0,0.0
machine_734734574,0.0,79.0,0.0,0.0
machine_77831507,0.0,79.0,0.0,0.0
machine_640014315,0.0,79.0,0.0,0.0
machine_550729206,0.0,79.0,0.0,0.0
machine_508544144,0.0,79.0,0.0,0.0
machine_434615136,0.0,79.0,0.0,0.0
machine_62072988,0.0,79.0,0.0,0.0
machine_167715122,0.0,79.0,0.0,0.0
machine_621449830,0.0,79.0,0.0,0.0
machine_137831973,0.0,79.0,0.0,0.0
machine_840250255,0.0,79.0,0.0,0.0
machine_196333453,0.0,79.0,0.0,0.0
machine_618311892,0.0,79.0,0.0,0.0
machine_621901150,0.0,79.0,0.0,0.0
machine_816824726,0.0,79.0,0.0,0.0
machine_555102788,0.0,79.0,0.0,0.0
machine_634606915,0.0,79.0,0.0,0.0
machine_702329178,0.0,79.0,0.0,0.0
machine_447261197,50.0,79.0,0.0,0.0
machine_703007118,0.0,79.04,0.0,0.0
machine_806523451,0.0,79.07,0.0,0.0
machine_592306788,0.0,79.07,0.0,0.0
machine_456193957,0.0,79.07,0.0,0.0
machine_327285607,0.0,79.07,0.0,0.0
machine_141478082,0.0,79.07,0.0,0.0
machine_550087951,0.0,79.07,0.0,0.0
machine_599459678,0.0,79.07,0.0,0.0
machine_587233303,0.0,79.07,0.0,0.0
machine_389678560,0.0,79.07,0.0,0.0
machine_587703076,0.0,79.07,0.0,0.0
machine_53647971,0.0,79.07,0.0,0.0
machine_162443407,0.0,79.07,0.0,0.0
machine_73746807,0.0,79.07,0.0,0.0
machine_207442256,0.0,79.07,0.0,0.0
machine_641489562,0.0,79.07,0.0,0.0
machine_587625295,0.0,79.07,0.0,0.0
machine_420176538,0.0,79.07,0.0,0.0
machine_216902598,0.0,79.07,0.0,0.0
machine_537429425,0.0,79.07,0.0,0.0
machine_499088424,0.0,79.07,0.0,0.0
machine_195340443,0.0,79.07,0.0,0.0
machine_738817325,0.0,79.07,0.0,0.0
machine_265110581,0.0,79.07,0.0,0.0
machine_666076312,0.0,79.07,0.0,0.0
machine_486042733,0.0,79.07,0.0,0.0
machine_554372997,0.0,79.07,0.0,0.0
machine_341611127,0.0,79.07,0.0,0.0
machine_301465830,0.0,79.07,0.0,0.0
machine_847689403,0.0,79.07,0.0,0.0
machine_255263710,0.0,79.07,0.0,0.0
machine_286067550,0.0,79.07,0.0,0.0
machine_739182726,0.0,79.07,0.0,0.0
machine_758936730,0.0,79.07,0.0,0.0
machine_445040910,0.0,79.07,0.0,0.0
machine_530655345,0.0,79.07,0.0,0.0
machine_558605760,0.0,79.07,0.0,0.0
machine_84650565,0.0,79.07,0.0,0.0
machine_109422376,0.0,79.07,0.0,0.0
machine_290935804,0.0,79.07,0.0,0.0
machine_522600023,0.0,79.07,0.0,0.0
machine_329873699,0.0,79.07,0.0,0.0
machine_332178185,0.0,79.07,0.0,0.0
machine_589131413,0.0,79.07,0.0,0.0
machine_849249958,0.0,79.07,0.0,0.0
machine_205389178,0.0,79.07,0.0,0.0
machine_318919862,0.0,79.07,0.0,0.0
machine_713813125,0.0,79.07,0.0,0.0
machine_102227221,0.0,79.07,0.0,0.0
machine_228444971,0.0,79.07,0.0,0.0
machine_216831661,0.0,79.07,0.0,0.0
machine_837784200,0.0,79.07,0.0,0.0
machine_173451520,0.0,79.07,0.0,0.0
machine_619045246,0.0,79.07,0.0,0.0
machine_358905411,0.0,79.07,0.0,0.0
machine_369478212,0.0,79.07,0.0,0.0
machine_271565483,0.0,79.07,0.0,0.0
machine_513926096,0.0,79.07,0.0,0.0
machine_279270595,0.0,79.07,0.0,0.0
machine_211762219,0.0,79.07,0.0,0.0
machine_744340282,0.0,79.07,0.0,0.0
machine_288396850,0.0,79.07,0.0,0.0
machine_670957924,0.0,79.07,0.0,0.0
machine_174563806,0.0,79.07,0.0,0.0
machine_128118070,0.0,79.07,0.0,0.0
machine_397691144,0.0,79.07,0.0,0.0
machine_601287089,0.0,79.07,0.0,0.0
machine_337158200,0.0,79.07,0.0,0.0
machine_586994483,0.0,79.07,0.0,0.0
machine_283163040,25.0,79.07,0.0,0.0
machine_445697165,0.0,79.07,0.0,0.0
machine_351202167,0.0,79.07,0.0,0.0
machine_217298556,0.0,79.07,0.0,0.0
machine_639099697,0.0,79.07,0.0,0.0
machine_670606751,0.0,79.07,0.0,0.0
machine_848798517,0.0,79.07,0.0,0.0
machine_757065919,0.0,79.07,0.0,0.0
machine_714956096,0.0,79.07,0.0,0.0
machine_782018389,0.0,79.07,0.0,0.0
machine_582180140,0.0,79.07,0.0,0.0
machine_493038128,0.0,79.07,0.0,0.0
machine_426279268,0.0,79.07,0.0,0.0
machine_728531290,0.0,79.07,0.0,0.0
machine_307859736,0.0,79.07,0.0,0.0
machine_490672347,0.0,79.07,0.0,0.0
machine_269480231,0.0,79.07,0.0,0.0
machine_33804227,0.0,79.07,0.0,0.0
machine_678149872,0.0,79.07,0.0,0.0
machine_451918099,0.0,79.07,0.0,0.0
machine_421054645,0.0,79.07,0.0,0.0
machine_41943478,0.0,79.07,0.0,0.0
machine_338394729,0.0,79.07,0.0,0.0
machine_269327620,0.0,79.07,0.0,0.0
machine_461516828,0.0,79.07,0.0,0.0
machine_312805574,0.0,79.07,0.0,0.0
machine_230469390,0.0,79.07,0.0,0.0
machine_795731693,0.0,79.07,0.0,0.0
machine_708473281,0.0,79.07,0.0,0.0
machine_106687810,0.0,79.07,0.0,0.0
machine_733603245,0.0,79.07,0.0,0.0
machine_393454008,0.0,79.07,0.0,0.0
machine_217088422,0.0,79.07,0.0,0.0
machine_559966832,0.0,79.07,0.0,0.0
machine_484227438,0.0,79.07,0.0,0.0
machine_30001251,0.0,79.07,0.0,0.0
machine_61273594,0.0,79.07,0.0,0.0
machine_114629349,0.0,79.07,0.0,0.0
machine_322506953,0.0,79.07,0.0,0.0
machine_89584035,0.0,79.07,0.0,0.0
machine_707055235,0.0,79.07,0.0,0.0
machine_123097251,0.0,79.07,0.0,0.0
machine_322762231,0.0,79.07,0.0,0.0
machine_698644817,0.0,79.07,0.0,0.0
machine_183342438,0.0,79.07,0.0,0.0
machine_338026434,0.0,79.07,0.0,0.0
machine_396998310,0.0,79.07,0.0,0.0
machine_213091437,0.0,79.07,0.0,0.0
machine_573462987,0.0,79.07,0.0,0.0
machine_423512803,0.0,79.07,0.0,0.0
machine_505598178,0.0,79.07,0.0,0.0
machine_198305611,0.0,79.07,0.0,0.0
machine_773174473,0.0,79.07,0.0,0.0
machine_313626947,0.0,79.07,0.0,0.0
machine_182956430,0.0,79.07,0.0,0.0
machine_568320235,0.0,79.07,0.0,0.0
machine_447719170,0.0,79.07,0.0,0.0
machine_175787194,0.0,79.07,0.0,0.0
machine_599039099,0.0,79.07,0.0,0.0
machine_401592902,0.0,79.07,0.0,0.0
machine_60847661,0.0,79.07,0.0,0.0
machine_619672382,0.0,79.07,0.0,0.0
machine_805512645,0.0,79.07,0.0,0.0
machine_543044036,0.0,79.07,0.0,0.0
machine_659211976,0.0,79.07,0.0,0.0
machine_317802181,0.0,79.07,0.0,0.0
machine_604628247,0.0,79.07,0.0,0.0
machine_559861777,0.0,79.07,0.0,0.0
machine_542155157,0.0,79.07,0.0,0.0
machine_287255431,50.0,79.07,0.0,0.0001
machine_601876014,0.0,79.07,0.0,0.0
machine_230240647,0.0,79.07,0.0,0.0
machine_668783043,0.0,79.07,0.0,0.0
machine_94470165,0.0,79.07,0.0,0.0
machine_602985023,0.0,79.07,0.0,0.0
machine_764636980,0.0,79.07,0.0,0.0
machine_805732845,0.0,79.07,0.0,0.0
machine_51774473,0.0,79.07,0.0,0.0
machine_361680881,0.0,79.07,0.0,0.0
machine_498390712,0.0,79.07,0.0,0.0
machine_723056313,0.0,79.07,0.0,0.0
machine_382617014,0.0,79.07,0.0,0.0
machine_518071558,0.0,79.07,0.0,0.0
machine_380753261,0.0,79.07,0.0,0.0
machine_96088854,0.0,79.07,0.0,0.0
machine_564309831,0.0,79.07,0.0,0.0
machine_55355050,0.0,79.07,0.0,0.0
machine_120377848,0.0,79.07,0.0,0.0
machine_375035047,0.0,79.07,0.0,0.0
machine_607787268,0.0,79.07,0.0,0.0
machine_740066412,0.0,79.07,0.0,0.0
machine_382768213,0.0,79.07,0.0,0.0
machine_673785004,0.0,79.07,0.0,0.0
machine_468854117,0.0,79.07,0.0,0.0
machine_66289487,0.0,79.07,0.0,0.0
machine_345739696,0.0,79.07,0.0,0.0
machine_538367108,0.0,79.07,0.0,0.0
machine_635858258,0.0,79.07,0.0,0.0
machine_464423229,0.0,79.07,0.0,0.0
machine_720400068,0.0,79.07,0.0,0.0
machine_657992838,0.0,79.07,0.0,0.0
machine_89032404,0.0,79.07,0.0,0.0
machine_359895504,0.0,79.07,0.0,0.0
machine_760249106,0.0,79.07,0.0,0.0
machine_562543884,0.0,79.07,0.0,0.0
machine_235355232,0.0,79.07,0.0,0.0
machine_674813229,0.0,79.07,0.0,0.0
machine_466896053,0.0,79.07,0.0,0.0
machine_564102949,0.0,79.07,0.0,0.0
machine_336192458,0.0,79.07,0.0,0.0
machine_523041335,0.0,79.07,0.0,0.0
machine_170762607,0.0,79.07,0.0,0.0
machine_602126612,0.0,79.07,0.0,0.0
machine_461290597,0.0,79.07,0.0,0.0
machine_787804506,0.0,79.07,0.0,0.0
machine_704868070,0.0,79.07,0.0,0.0
machine_180939857,0.0,79.07,0.0,0.0
machine_340315765,0.0,79.07,0.0,0.0
machine_414220572,0.0,79.07,0.0,0.0
machine_495692792,0.0,79.07,0.0,0.0
machine_279852154,0.0,79.07,0.0,0.0
machine_741201463,0.0,79.07,0.0,0.0
machine_121647859,0.0,79.07,0.0,0.0
machine_110144074,0.0,79.07,0.0,0.0
machine_790495086,0.0,79.07,0.0,0.0
machine_624821494,0.0,79.07,0.0,0.0
machine_115444747,0.0,79.07,0.0,0.0
machine_752158406,0.0,79.07,0.0,0.0
machine_375134773,0.0,79.08,0.0,0.0
machine_473154977,0.0,79.08,0.0,0.0
machine_249221700,0.0,79.08,0.0,0.0
machine_448503150,0.0,79.08,0.0,0.0
machine_71868920,0.0,79.08,0.0,0.0
machine_53189801,0.0,79.08,0.0,0.0
machine_360694549,0.0,79.08,0.0,0.0
machine_781684450,0.0,79.08,0.0,0.0
machine_372347450,0.0,79.08,0.0,0.0
machine_389271365,0.0,79.08,0.0,0.0
machine_94072056,0.0,79.08,0.0,0.0
machine_237866028,0.0,79.08,0.0,0.0
machine_61465962,0.0,79.08,0.0,0.0
machine_530640890,0.0,79.08,0.0,0.0
machine_115783741,0.0,79.08,0.0,0.0
machine_805545611,0.0,79.08,0.0,0.0
machine_216623990,0.0,79.08,0.0,0.0
machine_299919820,0.0,79.08,0.0,0.0
machine_650634274,0.0,79.08,0.0,0.0
machine_154131417,0.0,79.08,0.0,0.0
machine_421666899,0.0,79.08,0.0,0.0
machine_738796137,0.0,79.08,0.0,0.0
machine_523399503,0.0,79.08,0.0,0.0
machine_73485958,0.0,79.08,0.0,0.0
machine_627624512,0.0,79.08,0.0,0.0
machine_211510972,0.0,79.08,0.0,0.0
machine_844771809,0.0,79.08,0.0,0.0
machine_303375208,0.0,79.08,0.0,0.0
machine_465535008,0.0,79.08,0.0,0.0
machine_730554625,0.0,79.08,0.0,0.0
machine_621412521,0.0,79.08,0.0,0.0
machine_529618862,0.0,79.08,0.0,0.0
machine_341662269,0.0,79.08,0.0,0.0
machine_529125407,0.0,79.08,0.0,0.0
machine_31540738,0.0,79.08,0.0,0.0
machine_535115352,0.0,79.08,0.0,0.0
machine_311873177,0.0,79.08,0.0,0.0
machine_776271103,0.0,79.08,0.0,0.0
machine_802522789,30.0,79.08,0.0,0.0
machine_197526828,16.65,79.08,0.0,0.0
machine_29393248,0.0,79.08,0.0,0.0
machine_433092385,0.0,79.08,0.0,0.0
machine_481184636,0.0,79.08,0.0,0.0
machine_434902922,0.0,79.08,0.0,0.0
